9.955292893873863846e-01 -2.144826317301120611e-01 2.883660215777389749e-02 6.654048463701073279e-02 9.543121019441132627e-03
2.759883798648781611e-02 4.696864143525718571e-01 -6.635361743548434665e-02 -1.541332555140831895e-01 -2.459380379238900252e-02
-1.788465654478923333e-02 5.169575864792551601e-01 -1.278469155901399146e-01 -2.675226877452469010e-01 -3.439435843000611392e-03
1.492196413799351442e-03 7.805532472104138864e-02 -1.055160720271597352e-01 4.256784807757884592e-01 3.717654894873402283e-01
-3.690954599739735176e-04 1.410527909643777625e-02 3.174854717233028256e-01 -1.763447752508514321e-01 4.469359667440201411e-01
1.775297563243361789e-03 7.920050113246376866e-02 3.906832561115388680e-01 3.061540062882835422e-01 -2.793075387134251186e-01
-3.924857415360085214e-03 5.630266785126618323e-02 -3.136234565512691780e-02 2.876823779365426659e-01 2.907663160608321973e-01
1.562509960571116475e-03 -5.397247797848374155e-03 1.466139737219134542e-01 -1.182496056715508226e-01 3.302363876089432493e-01
-1.537919594939044215e-03 3.396273000750799770e-02 2.158060128313156467e-01 2.173705209646938641e-01 -2.164538707285225405e-01
3.283142492871530551e-04 -8.432586460583728002e-03 1.380341744527338078e-02 -1.767957705618775077e-02 -8.230509790365055957e-04
7.987070130064059109e-04 5.306104185519685407e-02 -9.998989069016893383e-02 1.192174519693770529e-01 3.230597793585123379e-03
1.026192618428891853e-02 -5.074918188613895126e-02 -7.150410410705559938e-02 9.637522252021576974e-02 1.857658861095502724e-03
8.618297338634507395e-05 -1.004397877241267334e-01 1.658920867765318607e-01 -1.974532225776189365e-01 6.764653710808279236e-03
-5.537731538284117313e-04 8.203532605060227800e-02 -1.270094727409259439e-01 1.583063617102025422e-01 1.744179857881114973e-02
-4.298121521576946037e-04 4.614253698291558058e-04 2.202717416455553506e-03 2.241298564349716773e-03 -5.196913589681117357e-03
-2.459455948347289301e-03 1.077716336299846568e-02 5.785758283277823988e-02 -2.097188683428112196e-02 6.732587597257942702e-02
2.005470926916977717e-03 -4.464221587788553061e-03 -3.777717042437062078e-02 7.834574181927242420e-02 6.930746880576681666e-03
1.112922948322588853e-04 -9.028368238265994548e-04 2.524890563041792477e-02 8.520194312566574391e-02 -3.420428500057420135e-02
-2.768640461535949271e-04 2.013295035350476901e-03 -1.443325544711428953e-05 3.640185667980611571e-03 5.554147356324461854e-03
-6.774333906742129410e-05 -8.424194226085155238e-03 -7.180282507323441248e-05 -9.935751923952089795e-03 -3.353002272423227792e-02
-4.443378634163473685e-04 -1.665355039406992560e-02 -1.063530447075765502e-02 -8.876145711732943977e-02 -1.448999872594377569e-01
-8.639579915263347195e-04 2.238653063295490547e-02 -8.608379428667971983e-03 3.388319473286877798e-02 4.976960480925278485e-02
6.358263472941772833e-04 -4.402602372245122998e-03 1.423096844939271378e-04 7.783060189623955058e-03 1.635575341323837126e-02
5.351748777398407532e-05 -1.723607636406007584e-03 -9.470011691677823057e-03 -7.201144507860747848e-03 3.355340151708444910e-03
-4.316301888141541032e-04 9.928496557393666141e-03 -1.299598932586076318e-02 5.039585382094907001e-02 -5.567147185611068770e-03
1.088099192046687938e-03 -1.799128750959056756e-03 7.933127269939442214e-03 2.816343933264254390e-02 8.213124633681659348e-02
-6.809856464643064295e-05 4.949462249739229418e-05 -2.797891333707848774e-02 -5.206281865331827130e-02 3.289469550114311469e-02
1.147578390624282333e-04 -1.488740398818390494e-02 -1.460379903739972762e-03 -3.870434576938520249e-02 4.656974751866612555e-02
-6.112710088360063989e-04 -9.869011654886100660e-03 -1.109410675118312727e-02 -1.035549018742581429e-01 9.031025029963304918e-02
8.243444258119428554e-04 -1.295286718494419523e-02 4.309210367210024317e-02 1.903657182273653381e-02 7.821276223421476251e-04
1.042378981942463403e-04 -7.227484356680032897e-03 8.405370849697403612e-02 6.155164376986217711e-02 -6.297319916566781681e-03
-9.209680553052511376e-04 1.606862720548795503e-02 -1.152643314691875233e-02 2.832164146730273280e-02 2.261957162143601180e-02
-5.345218074689877380e-05 1.605865267057518531e-02 -9.193019606594824908e-03 4.490007192751658410e-02 9.905670784079920188e-02
2.628878239913980683e-04 -6.663008651834498482e-03 6.820420864291899983e-03 -1.024534500198792490e-02 -1.039074090916681722e-02
-1.725245429383104843e-04 -8.920190762043528039e-04 -8.886315571925812798e-03 -4.502803549034135877e-02 2.505394508303077430e-02
5.096897771660835680e-04 -8.553998187988506863e-03 2.640820420759948037e-03 -1.115937876180172345e-02 -1.199355908208786688e-02
-2.951991552884803208e-04 -6.097551166495382468e-04 2.501754119502621818e-02 2.192273824005008115e-02 -1.432167931926104157e-02
4.770908731354789583e-04 1.428649327737529784e-01 2.978253333959930416e-01 5.863117017462515790e-02 1.266393775530100067e-02
2.637971618276189600e-03 -6.492637661326215032e-03 1.672690057108957296e-01 3.723027274943091491e-02 7.614091782172297332e-03
