9.955292683125097630e-01 -2.144829796859734072e-01 2.883605475659519607e-02 6.654080525589078920e-02 9.543061389473249043e-03
2.759873927708557731e-02 4.696870109881174926e-01 -6.635218889778797535e-02 -1.541342692277397619e-01 -2.459347871956435103e-02
-1.788461406391963701e-02 5.169587173633889421e-01 -1.278461884501593260e-01 -2.675253414508625971e-01 -3.438755594850819580e-03
1.492245858381777450e-03 7.805854565286952929e-02 -1.055183094187565340e-01 4.256778806041889851e-01 3.717662633904547653e-01
-3.693196145119956027e-04 1.410260896442678755e-02 3.174855763793098529e-01 -1.763436132267426626e-01 4.469365314733882988e-01
1.775251532691189812e-03 7.920031920690592808e-02 3.906807666699357307e-01 3.061556931903378076e-01 -2.793075675941026903e-01
-3.924786157346135673e-03 5.630496043612934209e-02 -3.136417407768355564e-02 2.876831430677543877e-01 2.907675415755271997e-01
1.562337290361209266e-03 -5.399116108854261353e-03 1.466144256587772754e-01 -1.182498621345734330e-01 3.302383614532465317e-01
-1.537912875075265941e-03 3.396237862001730973e-02 2.158048769661853328e-01 2.173713647136552296e-01 -2.164542057621814120e-01
3.243478836416933487e-04 -8.440743462992549365e-03 1.380265101543484349e-02 -1.768238529294214115e-02 -8.222978696766894326e-04
7.974871819753893368e-04 5.304338267076896818e-02 -9.999260198483542195e-02 1.192101745143610003e-01 3.231735077464339533e-03
1.026217484723705373e-02 -5.075236875934276137e-02 -7.150489860299823197e-02 9.637549607451141587e-02 1.856980185595072559e-03
8.640745285807822744e-05 -1.004397695485422931e-01 1.658936834958224527e-01 -1.974518993148141610e-01 6.763074798925274023e-03
-5.532130874640577966e-04 8.203546835516384306e-02 -1.270102394408751945e-01 1.583055854742719537e-01 1.744044784688397048e-02
-4.294735557789881386e-04 4.616785734266719570e-04 2.202663692010154144e-03 2.241070030055421648e-03 -5.196824941629565181e-03
-2.459607618786052718e-03 1.077452382990954846e-02 5.785791334896171062e-02 -2.097176543794240094e-02 6.732125927898734152e-02
2.005490297481096144e-03 -4.463004468335608592e-03 -3.777651460038118636e-02 7.834636926746792185e-02 6.924878542243404454e-03
1.115658114192826829e-04 -9.019733448235221990e-04 2.524826392089912427e-02 8.520133171128446703e-02 -3.420342274307191371e-02
-2.751597749607887096e-04 2.014656063977458833e-03 -1.515608489923833728e-05 3.641236617423411395e-03 5.556533685863710229e-03
-6.498068036867037003e-05 -8.420006856621619837e-03 -7.379349126223552497e-05 -9.932235627681345463e-03 -3.352510869849825714e-02
-4.414799976817674883e-04 -1.664685189744204499e-02 -1.063776901656271826e-02 -8.875876977692426228e-02 -1.449001040746929203e-01
-8.647515616462425093e-04 2.238643559598698859e-02 -8.609366537331838987e-03 3.388255709560876461e-02 4.977079024568892285e-02
6.375629449996994156e-04 -4.403257406828449232e-03 1.425173127889532308e-04 7.782648337644292383e-03 1.635629685437671454e-02
5.397100249697639625e-05 -1.724232351747171993e-03 -9.469956660710111482e-03 -7.201664369108100837e-03 3.355444410238124248e-03
-4.322210576633518978e-04 9.926728059218807923e-03 -1.300003139492542092e-02 5.039309816163814459e-02 -5.562033402113950725e-03
1.089175038732255203e-03 -1.801525686203001974e-03 7.934023406034339948e-03 2.816097885470261047e-02 8.213334887900924919e-02
-6.784330819406713038e-05 4.760824965505691762e-05 -2.797866653124239308e-02 -5.206528591096930281e-02 3.289493479953096988e-02
1.150153260994630209e-04 -1.488568882437944080e-02 -1.460092730826133408e-03 -3.870347037668447898e-02 4.657018736559447730e-02
-6.113661362594801675e-04 -9.866401760976214672e-03 -1.109301293490267196e-02 -1.035519058673071424e-01 9.031109555773779440e-02
8.242923298064932201e-04 -1.295153870872636608e-02 4.309225515877145030e-02 1.903785092961671199e-02 7.822284594662103508e-04
1.040417794765060888e-04 -7.225718995171079989e-03 8.405428927724441224e-02 6.155607501315388946e-02 -6.296862243025595600e-03
-9.214333049025778344e-04 1.606933225777982394e-02 -1.152733111059523440e-02 2.832156121941299329e-02 2.261935848066305016e-02
-5.425435690243493944e-05 1.606157544108548565e-02 -9.196305029176430473e-03 4.490145957830189022e-02 9.905591895390811197e-02
2.640299045420279656e-04 -6.662955050609246747e-03 6.820526144205766618e-03 -1.024534221356539383e-02 -1.039129735123024700e-02
-1.719669067055300336e-04 -8.903848905584503667e-04 -8.885688958031148429e-03 -4.502590327985148827e-02 2.505156775991449272e-02
5.112972209430877938e-04 -8.554899413943729478e-03 2.640958280169249453e-03 -1.116008150444343025e-02 -1.199401299456890647e-02
-2.941888467154091811e-04 -6.103170463836785596e-04 2.501807096507577266e-02 2.192206680618397421e-02 -1.432320481989455066e-02
4.769603199592942623e-04 1.428643690591459570e-01 2.978251929027327938e-01 5.863326723751891012e-02 1.266447340515082683e-02
2.637934063210022485e-03 -6.492787450524345992e-03 1.672698971554704150e-01 3.723342524674472936e-02 7.613096203091885075e-03
