1.217443952007328783e-03 -8.246255821916923705e-05 1.881769591256406181e-03 1.800034848656387187e-03 -3.473482855457232245e-04 1.129586023236475809e-03 -1.288147738295723722e-03 9.547062852289237150e-06
-5.781587154502194383e-03 -6.435890821476622286e-04 -1.453415788871627486e-02 -1.447132467754992657e-02 1.471986335136811746e-03 -8.306938682703173329e-03 5.023241518532237451e-03 -2.964117952349812780e-05
-1.480186139552217743e-03 8.847690049147310422e-04 -4.922350850680585338e-02 -5.496628668807044399e-02 7.080145106335256934e-03 -3.990188320017325901e-02 4.384333450363128021e-02 2.719519865629486434e-05
-2.315233705003269526e-02 3.269643117445861658e-03 -2.686001357138981943e-02 -1.052671239146472058e-02 -4.442307781223566246e-03 -1.916067538415392249e-02 1.856412144470565278e-03 1.819673460263862910e-02
1.605402266955607490e-02 5.133757881105385779e-03 4.284182557750142173e-03 1.838018697891626724e-02 2.682206238573576606e-03 -2.814300369056087171e-04 3.334306996419079613e-03 1.276340824206374271e-02
-4.815368379980431010e-04 -9.086880021660851802e-04 -1.150160685534617035e-03 -3.551469527259818511e-03 -1.511907115182524637e-02 -3.621621212561662931e-03 -5.588734289692941009e-04 -7.360527977998015427e-03
-1.390365648426680235e-02 3.387003993816408050e-03 -3.653762932706739602e-02 -1.892322489595391066e-02 -7.925474283129485195e-03 -3.359515307349785623e-02 -2.109442881417953383e-03 3.607611682892686994e-02
8.032929994201881696e-03 3.529730917125671434e-03 9.885864023690684246e-03 3.099717581616206336e-02 5.748704052779860657e-03 1.064610258105423007e-02 -6.197669255426498471e-05 3.313691606934972278e-02
-2.505855886791798388e-03 -9.041898944639000955e-04 -3.373754410279962423e-04 -3.684634620399288799e-03 -3.391100729141188069e-02 -9.563902278124727235e-03 -1.194214088099390149e-02 -1.978295536249436229e-02
9.906171561352046240e-01 1.126502724215869139e-01 -1.305149262357592210e-01 -1.356940927535102148e-01 -2.653465826977229568e-03 -1.469274046058680408e-02 -2.387857920885595492e-04 1.101568638634409930e-02
2.915101792528852764e-02 2.658570424143365685e-03 2.410699762314516270e-01 2.573891590281204844e-01 -2.831931622021561634e-04 1.531806456959767387e-02 3.726536520656071119e-03 -2.702150477639635867e-02
-3.477153024686463478e-02 3.439218955496056371e-03 2.122659379851665473e-01 3.128352864033045466e-01 1.472172410308295043e-02 3.526911631456720875e-02 1.543117702500384179e-02 -1.258157813927319145e-02
1.554036880509526881e-02 -5.481583055514947832e-04 1.427278281744613353e-01 2.947612961320789440e-02 2.654304076242492913e-02 1.203551938016270660e-02 9.694167336189932205e-02 -2.616452680187812962e-01
-1.212282297344035448e-02 -1.184960137491116025e-03 -2.341099263613181936e-02 -1.771047775817166936e-01 2.815685809614990043e-02 6.350086314796138387e-02 8.280414637392848054e-02 -3.162952431676788745e-01
-1.354199785667026983e-04 2.839682543852197718e-06 -4.259887851109272865e-03 -8.788773887697252235e-03 3.288459453161235446e-01 1.335016818982198150e-01 2.745509940871765919e-01 1.310667163247294931e-01
-1.752716145336327854e-04 3.807640470717345901e-03 3.645930185827513104e-02 4.259157654700083256e-02 7.301916397486295056e-03 -1.072740380370360881e-02 4.295574769395180126e-02 -9.375867949859026385e-02
-5.919087481759094382e-03 1.793267119200661359e-03 -2.022526424731047393e-02 -5.759356622080948757e-02 2.841157168478780984e-02 3.076130364998912528e-02 5.191288784817239821e-02 -1.324608058738743488e-01
-2.444375618099525055e-03 -2.602774255985039779e-04 2.565324313008183511e-03 -4.602188244137906184e-03 1.456095367399119767e-01 6.917602244688939028e-02 1.290929719659373032e-01 5.249794497966161350e-02
-1.132679431022728667e-01 9.893511362255844599e-01 -1.634637735164938266e-01 1.118379520972742902e-01 -1.947722291180444812e-03 -1.892897080432222453e-03 -2.614649431643870092e-03 1.520235661735139070e-02
-4.253754770657553613e-03 3.509856087388865675e-02 3.098294121396764078e-01 -2.099351098853459718e-01 4.291529558416499329e-03 6.621493602951876792e-03 7.453929477542494027e-03 -3.450826005596845103e-02
1.672990227107276975e-02 -3.267950004049843815e-02 2.938112072381536821e-01 -2.862215469881910779e-01 -9.890758689209112886e-03 1.627741440640734227e-02 4.831364049343633664e-03 -7.364221529708760150e-02
-4.251271378542993869e-03 1.294274702852612688e-03 -5.277326650574204470e-02 -1.398858849646842928e-01 -3.169756551419548873e-02 -2.649200265675339949e-01 1.141888153800214335e-02 3.175452136881372622e-01
1.612386053470178746e-03 4.092565694473903780e-04 -3.999910623416805949e-02 -9.191522980257089970e-02 -1.548846701105128891e-02 3.049045470400888469e-01 -2.287472396186850387e-01 2.002362343249139975e-01
-2.475622939172611881e-05 3.704422615261720851e-05 -3.493204688849802040e-03 6.249837810592219489e-03 3.208211600263913832e-01 -1.421707758426549173e-01 -2.671861741600269902e-01 -7.265588019831956124e-02
-8.059587028565181471e-03 1.216441868468373785e-03 -8.632370878345646537e-03 -3.706575051599751008e-02 -1.581024815995009727e-02 -1.252321254529546735e-01 1.721115114577414021e-02 1.497677996461762584e-01
-2.749428782455150527e-03 1.148053363527631399e-03 -9.774492675426632235e-03 -1.960256842453150100e-02 -1.175289366110533577e-02 1.488658987189384886e-01 -1.110958646688870594e-01 1.153858973725451625e-01
1.059501254924299788e-03 1.487992860780385873e-04 -2.548915859699882585e-03 3.771794161285161196e-03 1.618324276263652106e-01 -7.756243571887488919e-02 -1.335645922404538610e-01 -3.811149470698314834e-02
2.168661276470604336e-03 3.869356548883344060e-04 8.374470587986973524e-02 1.506975961053378943e-01 1.438559956219671032e-01 7.450880862575295915e-02 1.226988284233308663e-01 1.955541072400107383e-01
9.526771210555029859e-03 1.944966064634270604e-03 1.654106577638750006e-02 6.428792352229531493e-02 1.021528605319525912e-01 7.368898496540637888e-02 1.153841936274595525e-01 1.807915851960839038e-01
1.684389740434497030e-03 9.366106022323015363e-05 8.863420004495642379e-02 1.589606439182434938e-01 -1.651897724010297497e-01 -8.439774658911512739e-02 -2.004581323185544994e-01 3.913790767296549539e-02
6.450568015726127272e-03 1.374288994610161577e-03 2.269694984338361393e-02 6.730283256120143942e-02 -1.073185924574737854e-01 -6.702591412363152756e-02 -1.781815436371567141e-01 3.009126760201615014e-02
-3.938666997239681847e-03 -1.678618134901171174e-04 8.917266570425071148e-02 -1.238515921794987179e-01 -1.255641688308470512e-02 -2.580622021890257023e-01 1.030202515464517382e-01 7.597620262153542692e-02
-4.583618401491791443e-03 6.545195093380249025e-03 2.950018570110850454e-03 -5.996750359147792753e-02 -8.391792547907115860e-03 -2.117752394281134931e-01 7.974685023479068102e-02 7.928770397875409270e-02
1.285251283877412304e-03 -6.473723915320602536e-04 9.523086534214375565e-02 -1.103389401313523976e-01 -1.576103655477178733e-01 2.029035497551770761e-01 7.137591503438955876e-02 1.196335790480559241e-01
1.700431371213464776e-03 5.823896163660827359e-03 1.616302074758599674e-02 -3.481760583869030617e-02 -1.006802694310936913e-01 1.628281783745054723e-01 7.829536926911251360e-02 1.213274799951836735e-01
1.250993017907555804e-03 -7.324471334349576387e-04 9.212493768808048544e-02 -1.037451221734710105e-01 1.529135936683476971e-01 2.594139479578303972e-02 -2.532060963456752023e-01 2.703344744124945923e-02
9.851354915424506426e-05 5.616756514145997137e-03 1.567763425641647418e-02 -3.106455520386350311e-02 1.055232940304278860e-01 7.319737403860849916e-03 -2.369006122509540180e-01 2.690600977069868699e-02
4.605262961764462065e-03 1.076953475794855839e-03 -7.578894530840790244e-04 6.396703131843240429e-03 -1.760940136246972459e-02 -1.061290410474674713e-02 -2.182487358851594589e-02 5.334114339864361523e-03
5.173707448264275137e-03 7.669474717278194865e-04 7.945798553441933351e-03 1.534312547601596882e-02 -2.248160352432590839e-02 -9.047863230564310438e-03 -4.766719409462504692e-02 8.849655151216172938e-03
