9.955242463727651536e-01 -2.145240365472708133e-01 2.893341056875025838e-02 6.647593029839263257e-02 9.458316609179931791e-03
2.762615168134765695e-02 4.697671094390472590e-01 -6.660071991962221438e-02 -1.540483288512325966e-01 -2.441374275013387385e-02
-1.789639045451810184e-02 5.170419774365515586e-01 -1.281115091729158328e-01 -2.672650701782766647e-01 -3.217484314812896293e-03
1.515412563710223735e-03 7.804200226023780274e-02 -1.049806276396938881e-01 4.260008640347652809e-01 3.716159502833328854e-01
-3.727519369783747127e-04 1.408485100561549137e-02 3.174720409823056366e-01 -1.764353077961253180e-01 4.469824207559715545e-01
1.778313968037950697e-03 7.929737902152858564e-02 3.910000017849540876e-01 3.056175153109483844e-01 -2.796110490288184480e-01
-3.912955072293626026e-03 5.632530845063449948e-02 -3.095077292069198932e-02 2.879121057657874072e-01 2.906044920179967628e-01
1.595438852198285485e-03 -5.440836547886272918e-03 1.466085695457391425e-01 -1.181901932837222530e-01 3.302136647833722183e-01
-1.528684702138944631e-03 3.397128449775536907e-02 2.158709871736623487e-01 2.170876981754895629e-01 -2.165498681672663461e-01
2.755217895233066298e-04 -8.495256368872026315e-03 1.375844246932128936e-02 -1.766375721967913814e-02 -8.121793864897856007e-04
7.821487511576960278e-04 5.303525976638642780e-02 -9.985208941304918318e-02 1.192401527280224915e-01 3.187990444296640198e-03
1.027418457271921104e-02 -5.065989860191427718e-02 -7.140557097829484945e-02 9.652287023857129833e-02 1.790251433246733926e-03
5.803526104305068312e-05 -1.003726823359738785e-01 1.656114012965461124e-01 -1.975579639345397265e-01 6.842651054231372806e-03
-5.409714778899151486e-04 8.199844859411900555e-02 -1.268743316947978372e-01 1.585053137356022546e-01 1.743634172183172043e-02
-4.295934015063680614e-04 4.276874225738788293e-04 2.189806690534129748e-03 2.260239622280488681e-03 -5.198116630870724605e-03
-2.500350662088284513e-03 1.085953710371049749e-02 5.780891311032919366e-02 -2.103452080875577168e-02 6.728226576194638875e-02
2.004691288728579091e-03 -4.519905151944230912e-03 -3.763170578812936179e-02 7.830725039153277334e-02 6.910754078441510087e-03
1.242378078596229442e-04 -8.279659569744916804e-04 2.533200586589295575e-02 8.521127752713288095e-02 -3.434127934569623092e-02
-2.796918625410181993e-04 2.008516397083012425e-03 -4.376025528969319485e-06 3.626066609073027962e-03 5.506036916683327946e-03
-6.288867538388492493e-05 -8.352769781879642100e-03 -5.176317082608208599e-05 -9.986441617788284486e-03 -3.346263816551208609e-02
-4.596606949326671027e-04 -1.655275068376944533e-02 -1.086425495171838840e-02 -8.866629241848565657e-02 -1.446778454673724734e-01
-8.559020253619044902e-04 2.246553304498826939e-02 -8.649652194929333821e-03 3.399026205967385639e-02 4.971905814312476551e-02
6.391792427580242136e-04 -4.395782176229053040e-03 1.219662430872681195e-04 7.781878612196470486e-03 1.629216059228969643e-02
5.656891069161078413e-05 -1.716724951824258934e-03 -9.475519465888360832e-03 -7.209142463216094802e-03 3.380181084257705311e-03
-4.249432977247815692e-04 9.971456861549245210e-03 -1.294106038610419798e-02 5.045830132369186205e-02 -5.588688471067850168e-03
1.108153357237428183e-03 -1.732383899322937184e-03 7.956387869551828640e-03 2.825901893756229202e-02 8.202795397683400325e-02
-6.532502023078879392e-05 2.338628883134233330e-05 -2.802480644603124599e-02 -5.202703416923316199e-02 3.297568882922729400e-02
9.325734753703402769e-05 -1.492357348566063224e-02 -1.467378433169249253e-03 -3.869187623838040574e-02 4.655618380716262245e-02
-6.296484658808458503e-04 -9.988472665393058336e-03 -1.111480187095687140e-02 -1.035512700358562216e-01 9.028365175288596833e-02
8.049396763771738458e-04 -1.292638696493289552e-02 4.312786440016293937e-02 1.904361823499338066e-02 7.454684896777001883e-04
9.147145483592980303e-05 -7.275334768834293593e-03 8.414986508712415936e-02 6.134118110843795463e-02 -6.393789318867836198e-03
-9.255980178052628220e-04 1.605981066533263002e-02 -1.147139217480840773e-02 2.833776155015298864e-02 2.259678567468879906e-02
-1.342431192723619611e-04 1.602058827292578841e-02 -9.034885896448227594e-03 4.490031643812257556e-02 9.893146556492110610e-02
2.501522894317335845e-04 -6.696733078107113511e-03 6.896641613094441764e-03 -1.026496668598994751e-02 -1.039890080285563179e-02
-1.807892415909574104e-04 -8.934345338624298744e-04 -8.926940168971185530e-03 -4.505553674856533491e-02 2.508337094095846112e-02
5.023561431497407855e-04 -8.584989507397677161e-03 2.660887076560615721e-03 -1.117955071743048645e-02 -1.199995826826156034e-02
-3.108755433928767639e-04 -6.563961255141443881e-04 2.506478946233062569e-02 2.179384040053830920e-02 -1.431444113642585218e-02
4.691718753265697425e-04 1.427735320740209923e-01 2.979404408231425827e-01 5.821067139584552852e-02 1.248958043036876159e-02
2.610008901716318833e-03 -6.543023292568513061e-03 1.672592348486244551e-01 3.696985909262673342e-02 7.523983694507080031e-03
