1.171906959521165767e-03 -9.770663987805329681e-05 1.786779954573494743e-03 1.802134693202878937e-03 -3.372148725312404155e-04 1.172522165469017238e-03 -1.297877965977245690e-03 2.197002964777043936e-06
-5.810706280516850751e-03 -6.281862883521547409e-04 -1.461677282551233741e-02 -1.442130217929034515e-02 1.414227397565876159e-03 -8.298238025043772059e-03 4.872593294564718687e-03 4.463385604831162799e-05
-1.537913412300388402e-03 8.540946408773931586e-04 -4.930456995023603517e-02 -5.496298360232024227e-02 7.015428259309821647e-03 -4.021228891735907640e-02 4.379165791448754591e-02 -1.550310493387284697e-04
-2.315909210491073206e-02 3.216409281664635560e-03 -2.685438743914205992e-02 -1.061213767242155832e-02 -4.441701823561561985e-03 -1.919336420151163125e-02 1.658544174690557453e-03 1.818345606646252707e-02
1.610446647576452978e-02 5.138498751095583322e-03 4.385204653752234824e-03 1.840260987203323761e-02 2.617999195066571163e-03 -2.734123067864871145e-04 3.300623719388869146e-03 1.271911178053802133e-02
-4.161371489874627380e-04 -8.714302717034666610e-04 -1.118650057584723344e-03 -3.515923015649696174e-03 -1.511878873954687792e-02 -3.653364156967657279e-03 -6.974680992185083254e-04 -7.363831156078696344e-03
-1.387181185553851455e-02 3.369860825381402678e-03 -3.648176853301734329e-02 -1.897528975525565945e-02 -7.921724538305951677e-03 -3.356937034475255405e-02 -2.514293541495695415e-03 3.608829711794310502e-02
8.001898009278753457e-03 3.505036420908089201e-03 9.866732561118666742e-03 3.097937578689837629e-02 5.626478917849359745e-03 1.076766425684324777e-02 5.672345504615900982e-05 3.315993615997740035e-02
-2.541157088500178591e-03 -9.149711261800887218e-04 -2.613223017081742617e-04 -3.670448730143726062e-03 -3.372266657860829159e-02 -9.545438938920952979e-03 -1.210236507106553575e-02 -1.987267654905145592e-02
9.905832301881923874e-01 1.128646384104824429e-01 -1.305309195234211350e-01 -1.357192850553784746e-01 -2.646532149790158193e-03 -1.469811177335148857e-02 -3.939452405250652885e-04 1.100219283948325293e-02
2.916664087413090023e-02 2.674179800152233152e-03 2.410921313499963803e-01 2.573819669564991197e-01 -2.032772645043566214e-04 1.522075645187492658e-02 3.897507097825709914e-03 -2.691114769528582876e-02
-3.470834275658593593e-02 3.360817209764097903e-03 2.123581266117491317e-01 3.130281318838581406e-01 1.443078252204660177e-02 3.500433134546764719e-02 1.612802457074130266e-02 -1.284255353330525894e-02
1.548680070606704706e-02 -5.585656216184781706e-04 1.427127853861545614e-01 2.958259907963028609e-02 2.647793266849153213e-02 1.085168243293189831e-02 9.752657617285237501e-02 -2.615507656337348052e-01
-1.208438410401640843e-02 -1.164194609665179575e-03 -2.339959460613456194e-02 -1.769829083201396314e-01 2.826160340579984484e-02 6.236575053199205909e-02 8.394610562976317913e-02 -3.162819921343824614e-01
-1.096184750747458930e-04 -6.922783315985730102e-06 -4.242044212586153912e-03 -8.810924689333445720e-03 3.264010978696085807e-01 1.319852931598443357e-01 2.776405144726112328e-01 1.320789507905922311e-01
-1.463402756560031352e-04 3.799976348571423510e-03 3.639088050040724387e-02 4.271857953728289137e-02 7.316882641355542706e-03 -1.143383778048748765e-02 4.327673298888831677e-02 -9.372756656279042364e-02
-5.930875992326433213e-03 1.815800261446802802e-03 -2.030024686499500713e-02 -5.749562135655297140e-02 2.827884468192430958e-02 3.023637878822518082e-02 5.237843838038538230e-02 -1.321810980480925268e-01
-2.480087692276936907e-03 -2.159128937120363039e-04 2.529556597666305848e-03 -4.499575251055992417e-03 1.444491163691321578e-01 6.844177641260199008e-02 1.306904401837468421e-01 5.277104334035433858e-02
-1.134812772652148694e-01 9.893268152709256968e-01 -1.634822075628407645e-01 1.118257574043176189e-01 -1.974482533511368824e-03 -1.864261988955433040e-03 -2.693800023421439368e-03 1.527789085434887000e-02
-4.262080621666434165e-03 3.509103098480239463e-02 3.097728819813670431e-01 -2.099074870694942474e-01 4.297190194499899904e-03 6.599074275094650097e-03 7.572343253230586282e-03 -3.463415672350035612e-02
1.670645101521666190e-02 -3.266930652040914151e-02 2.940856262398370835e-01 -2.863262682425985473e-01 -9.721220597907835256e-03 1.615946442088654622e-02 5.302852525986344150e-03 -7.424658428503075336e-02
-4.272368755774847565e-03 1.265687591216689036e-03 -5.273049300291977187e-02 -1.399224992212629859e-01 -3.190575305691062402e-02 -2.646971224895431352e-01 8.452306241026077277e-03 3.178087741283203704e-01
1.634086030639175964e-03 4.192294765639149249e-04 -3.987732666285278421e-02 -9.208301135511534619e-02 -1.525569149228874974e-02 3.072276829713055935e-01 -2.263605168247785904e-01 1.994366256855599484e-01
-1.533333457204023899e-05 5.054811506211306064e-05 -3.493483877224123121e-03 6.336481106120572977e-03 3.230536637931720190e-01 -1.390077522283345302e-01 -2.662875605379683708e-01 -7.215027871874843401e-02
-8.048161259002997725e-03 1.203871627224058737e-03 -8.613303294924670728e-03 -3.714490286007041814e-02 -1.587416563564397060e-02 -1.252274000656093400e-01 1.589092218058621789e-02 1.496986113374835503e-01
-2.738087874651946949e-03 1.126913191665735369e-03 -9.818470324913577962e-03 -1.960879995475850457e-02 -1.170322181916580093e-02 1.498233019074055039e-01 -1.097705095447684409e-01 1.147844600240883473e-01
1.077894645066174986e-03 1.035227316096052979e-04 -2.465728548063635204e-03 3.665604721273163849e-03 1.629851675323868432e-01 -7.600151101296616363e-02 -1.331748835219684624e-01 -3.776639048418807543e-02
2.163142957701924985e-03 3.807138419245018751e-04 8.368111758021805346e-02 1.507424400237512285e-01 1.424468789835161286e-01 7.407808294983497799e-02 1.240542454418673279e-01 1.959540548991312581e-01
9.543928714051280043e-03 1.977584397924061002e-03 1.645257473226778219e-02 6.421839716535507336e-02 1.007379606053634136e-01 7.327724027529598783e-02 1.160757729294608215e-01 1.813776224849868723e-01
1.663914342315431271e-03 8.409678628401286377e-05 8.856699749228198748e-02 1.589931143657510038e-01 -1.637996772011524049e-01 -8.296682846808102474e-02 -2.024080487974257159e-01 3.860183826892530506e-02
6.418384270127575758e-03 1.443359940331508367e-03 2.260691855319027846e-02 6.716009150051868715e-02 -1.060880474159663772e-01 -6.560007085775461377e-02 -1.795701768793303010e-01 2.983940929291248670e-02
-3.944941344536275797e-03 -1.704596299611318185e-04 8.923176353675214834e-02 -1.238264942472111912e-01 -1.273147692034355856e-02 -2.588784870015000128e-01 1.005582902484110641e-01 7.643880633379138145e-02
-4.575288253378908404e-03 6.550174872531430541e-03 2.787367725132219691e-03 -5.988858989581928582e-02 -8.522491952451558689e-03 -2.125126080025201425e-01 7.754297355424395743e-02 7.989289299011742562e-02
1.286142930610525590e-03 -6.449759896686758920e-04 9.525271597854671757e-02 -1.103825570078675322e-01 -1.588261808431026822e-01 2.019350985945379540e-01 7.209752144853054379e-02 1.189978516289371124e-01
1.710737541336943522e-03 5.810799970050827164e-03 1.622709473964504059e-02 -3.484998699701194469e-02 -1.019154260557452174e-01 1.621501746005381273e-01 7.870330557794570636e-02 1.211953471888003314e-01
1.256525016553530988e-03 -7.178943371595593401e-04 9.211506636999149122e-02 -1.037144082888848823e-01 1.544320613152968813e-01 2.858986058042089703e-02 -2.520057310937166561e-01 2.698373392625686221e-02
8.969224611816518976e-05 5.646479987371628290e-03 1.558648760303477272e-02 -3.109024970701564777e-02 1.069809430650244808e-01 9.730502711882584380e-03 -2.362519974854951632e-01 2.719166545063511631e-02
4.552639508204564187e-03 1.089816316327431658e-03 -8.162494668382533954e-04 6.358116220572383737e-03 -1.744727747906706095e-02 -1.048549320510095383e-02 -2.199321629054785260e-02 5.259814086708361654e-03
5.104690684132897303e-03 7.066332589123126189e-04 7.787004147986776627e-03 1.521235802809560791e-02 -2.215373927397703419e-02 -8.784773512365035009e-03 -4.822246368439940534e-02 9.001216817000787587e-03
