1.000000000000000000e+00
1.000000000000000000e+00
9.999999999958211205e-01
9.999999938313404169e-01
9.999606911944954879e-01
9.999351981989634819e-01
9.999319114355048610e-01
9.999122418673993540e-01
2.220055220800654040e-04
3.795794532085669808e-05
7.136742606167460291e-12
1.793078191835135282e-12
2.572154035956213001e-13
1.316122251744250511e-13
5.228967215398509922e-14
1.101765070571263736e-14
0.000000000000000000e+00
0.000000000000000000e+00
0.000000000000000000e+00
0.000000000000000000e+00
0.000000000000000000e+00
0.000000000000000000e+00
0.000000000000000000e+00
0.000000000000000000e+00
0.000000000000000000e+00
0.000000000000000000e+00
0.000000000000000000e+00
0.000000000000000000e+00
0.000000000000000000e+00
0.000000000000000000e+00
0.000000000000000000e+00
0.000000000000000000e+00
0.000000000000000000e+00
0.000000000000000000e+00
0.000000000000000000e+00
0.000000000000000000e+00
0.000000000000000000e+00
0.000000000000000000e+00
0.000000000000000000e+00
