2.000000000000000000e+00
2.000000000000000000e+00
1.999999999991642241e+00
1.999999987662680834e+00
1.999921382388990976e+00
1.999870396397926964e+00
1.999863822871009722e+00
1.999824483734798708e+00
4.440110441601308080e-04
7.591589064171339616e-05
1.427348521233492058e-11
3.586156383670270564e-12
5.144308071912426001e-13
2.632244503488501021e-13
1.045793443079701984e-13
2.203530141142527471e-14
0.000000000000000000e+00
0.000000000000000000e+00
0.000000000000000000e+00
0.000000000000000000e+00
0.000000000000000000e+00
0.000000000000000000e+00
0.000000000000000000e+00
0.000000000000000000e+00
0.000000000000000000e+00
0.000000000000000000e+00
0.000000000000000000e+00
0.000000000000000000e+00
0.000000000000000000e+00
0.000000000000000000e+00
0.000000000000000000e+00
0.000000000000000000e+00
0.000000000000000000e+00
0.000000000000000000e+00
0.000000000000000000e+00
0.000000000000000000e+00
0.000000000000000000e+00
0.000000000000000000e+00
0.000000000000000000e+00
